Scenario	Replication	[EntitySink1].NumberProcessed		[CycleTime].NumberProcessed		[CycleTime].SampleAverage /1[h]		[CycleTime].SampleStandardDeviation /1[h]		[New].SampleAverage /1[h]		[New].SampleStandardDeviation /1[h]		[Return].SampleAverage /1[h]		[Return].SampleStandardDeviation /1[h]		[FU].SampleAverage /1[h]		[FU].SampleStandardDeviation /1[h]		[WaitingTime].SampleAverage /1[h]		[WaitingTime].SampleStandardDeviation /1[h]		[RejectedClosing].SampleAverage		[RejectedClosing].SampleStandardDeviation	
1	1	17885.0		16717.0		1.6203663291722468		0.829052746772596		1.6486412755947992		0.7685041395994682		1.4174968948378384		0.7395909979621088		1.877847857962784		0.9309972718127209		1.1034923690560068		0.8046685100701567		0.0653061224489796		0.24707214734826008	
1	2	18095.0		16996.0		1.6165463072767872		0.8187209606091386		1.634690650159472		0.7454361365251424		1.4156679350687844		0.7337403097434803		1.876997253558831		0.9216471896924736		1.0988674016541733		0.7973003350046725		0.06073500967118014		0.23885020628851983	
1	3	17908.0		16788.0		1.6103601626952087		0.8131393721219163		1.6627086444199053		0.7737870347156066		1.410842274520143		0.7298304164356683		1.8395138572130458		0.8950112880898069		1.0957037759268198		0.7902521840854385		0.06254188072369882		0.24214389944791584	
1	4	17845.0		16760.0		1.6150216714322507		0.8224267386077041		1.6612195309434354		0.7687556453328244		1.4236054927691602		0.7410302251351063		1.839552283605791		0.9197630940394234		1.0979765545082303		0.7987863581123104		0.06080134491454219		0.23897226111161093	
1	5	18013.0		16900.0		1.6398498957552672		0.8331878305399559		1.6684709208958255		0.7851518329089631		1.4438993671496116		0.7391364313229953		1.8849430506130267		0.9326620797271343		1.1188650869918304		0.8059052751765449		0.06178870815522104		0.24077807657183042	
1	6	17956.0		16923.0		1.6181612855167158		0.8222754296316902		1.666158224912639		0.7671955068780739		1.4191502832304594		0.7441385355679363		1.8423579928312104		0.9121186021668237		1.1018783630615747		0.7999397965363405		0.057529516596123716		0.23285809215233336	
1	7	17897.0		16831.0		1.603589934701705		0.8142308647043246		1.6409013635892478		0.759392817530039		1.412355769351939		0.7289423552325993		1.8348547851344936		0.9150351866051784		1.0881478602410237		0.7906703768696117		0.059563055260658006		0.23668212385891393	
1	8	18042.0		16989.0		1.629586954633459		0.8181126617910833		1.6725706079467428		0.7622072579503101		1.4385896711121133		0.7371250660964611		1.8542767263508524		0.9140751614299362		1.1104413186812685		0.7948187543979849		0.05836381775856337		0.23443661998499973	
1	9	17973.0		16839.0		1.6460580315532538		0.8179179153040249		1.68888158623536		0.7619410052977625		1.4582815777525908		0.7333469565977238		1.8650786159009884		0.9214547445396871		1.1224753753334469		0.7913691866413075		0.06309464196294402		0.24313987194608547	
1	10	17993.0		16871.0		1.602742410367278		0.820811170799527		1.6462134067851468		0.7758609208794646		1.3912391316994175		0.7347591759057845		1.857249016312579		0.8994341763032233		1.089936551483524		0.7976495221342725		0.06235758350469613		0.24181059739526983	
1		17960.699999999997	55.688961789209394	16861.4	66.47287263117147	1.620228298310417	0.010296161383168636	0.820987569088196	0.004446216022718922	1.6590456211482574	0.011743955888477282	0.7668232297617655	0.007654390628120332	1.4231128397492057	0.013683753465647092	0.7361640469999863	0.003510974490886959	1.8572671439483606	0.013064783488483646	0.9162198794406409	0.008638218100439188	1.1027784656937898	0.008170250819511952	0.797136029902864	0.0039347786770599314	0.0612081680996607	0.0016606423591989184	0.23967438961057397	0.003040765555002049

2	1	17885.0		16871.0		1.5636952092716705		0.8228989852668859		1.5749492065852868		0.7545509168779378		1.3581862706763645		0.7373857987213958		1.8448884666844538		0.9200022958202607		1.0517799427916177		0.7991895475151527		0.056695554934302374		0.231266425217375	
2	2	18095.0		17060.0		1.5898543698566026		0.8334955688882684		1.6008581608439456		0.7468300484932253		1.3667069842383082		0.7217705217689939		1.8901195556154435		0.9599532050437094		1.077910282046202		0.8101560875892382		0.05719812102790843		0.23222720842133354	
2	3	17908.0		16870.0		1.573273720916173		0.8132055147099922		1.5981470338116366		0.7449913899859161		1.3765436852846642		0.7378241606108772		1.8293506844285639		0.9072289312682923		1.0613639258976066		0.7901011917704004		0.05796292159928535		0.23367984634067382	
2	4	17845.0		16880.0		1.5601380736715638		0.8089798040817943		1.589790162413125		0.7482841979709716		1.3611855002701567		0.7249567577454831		1.8140879180144558		0.9052303018609922		1.0489553261651912		0.786200379138634		0.05407677220509968		0.22617546631194488	
2	5	18013.0		17007.0		1.5895424601151045		0.8156446455103797		1.6185891972998292		0.7466324881024229		1.384448392857615		0.7262318830519632		1.846198288768302		0.9208292260214022		1.0736990421293737		0.7909606300203412		0.05584855382223978		0.2296354073805495	
2	6	17956.0		16990.0		1.5695136365996865		0.8035884417477377		1.6158447437580412		0.7648912188253728		1.360112226693408		0.7139171923672494		1.8091574918787927		0.8822306026205702		1.0571312376957525		0.7814593249543035		0.0537981733125418		0.22562527550030512	
2	7	17897.0		16987.0		1.5421679457336848		0.7880008780999318		1.5679405349232096		0.7248202156045049		1.3447801549017222		0.6888115360625382		1.7936443915950058		0.9021550129794682		1.0310037198144653		0.7685260282728882		0.05084651058836682		0.2196903268357949	
2	8	18042.0		17005.0		1.5899748672437806		0.8095269157405224		1.6214919300621615		0.7516521036536528		1.3854247673011566		0.7246596303891022		1.8437644968291715		0.8991080558686357		1.0769556525155035		0.7862200692770727		0.05747699811550837		0.2327582342182034	
2	9	17973.0		16916.0		1.5877355072822146		0.8052537391162298		1.6396065630139565		0.7586779799707698		1.3808825056844465		0.716609295531861		1.823632543242655		0.8932859978473854		1.0698938688280228		0.782779350315571		0.058810437879040355		0.23527611473501453	
2	10	17993.0		16994.0		1.5456809373812568		0.8149149342575543		1.5756818561714547		0.7538264927402437		1.3402228886861245		0.7124377070185226		1.8060743734420495		0.9267417735898175		1.0365257060875062		0.7929397500001574		0.05552159173011732		0.2290018758699041	
2		17960.699999999997	55.688961789209394	16958.0	48.47698152319342	1.5711576728071739	0.013038417440278352	0.8115509427419297	0.00862836405429182	1.6002899388882648	0.016828717168197296	0.7495157052225018	0.0076009523454974096	1.3658493376593968	0.011395723710485453	0.7204604483267988	0.010072337361017624	1.8300918210498895	0.019821060318853532	0.9116765402920535	0.01550001794430964	1.058521870397124	0.011834310604168658	0.7888532358853758	0.007915482949425992	0.05582356352144103	0.0017010722524836528	0.2295336180831099	0.003325810955879975

3	1	17885.0		17040.0		1.5291546600014998		0.7918071680575823		1.541749193747479		0.7090389334940294		1.3141192579604217		0.6847304025773843		1.8220699221023697		0.9143339293104863		1.0147806688835264		0.767466460476292		0.04724629577858556		0.21217115807027287	
3	2	18095.0		17182.0		1.5446348062002704		0.8011917409053579		1.550959145065629		0.7124058216592283		1.3243290179610518		0.6920122551381146		1.8446365884296299		0.9228999812253577		1.032805521474362		0.7770243468280577		0.05045592705167177		0.21888986802289637	
3	3	17908.0		17000.0		1.5343913773475704		0.7925005101836918		1.5716199154708663		0.7466276382684005		1.3262243662481683		0.7039629280038421		1.7912329340010835		0.8743278456064089		1.0229653792828326		0.7694068555389414		0.05070359615814158		0.2193978792595767	
3	4	17845.0		16947.0		1.5021941489850024		0.7962282944802788		1.535313037155198		0.7312515788336204		1.2981050431701577		0.6980709539951164		1.7598253341674273		0.9080021886149242		0.9966332317481416		0.7762574942430467		0.0503222191089942		0.2186151220252807	
3	5	18013.0		17088.0		1.5482819958480054		0.7904673189450321		1.5808676917505993		0.7306253404821984		1.3403559153727773		0.7097156470637979		1.805448020450095		0.8742200014302445		1.0369839792241713		0.7654705948700294		0.05135180147671135		0.22072040806459242	
3	6	17956.0		17125.0		1.5249809943366965		0.7761575503539778		1.5615724883309132		0.7066724375997991		1.3090792520436167		0.6694820262840089		1.7862046883689917		0.8908939613749478		1.0135422757310937		0.7570685596287019		0.04627979505457762		0.21009624908522206	
3	7	17897.0		17082.0		1.51439057038962		0.7938903009268924		1.5339360508769		0.7196918144111287		1.3082157816163194		0.6879240616166167		1.7850326977503639		0.9172497837010821		1.0040626114384112		0.7690447981833538		0.045538358384086715		0.20848751769196563	
3	8	18042.0		17144.0		1.5315679283277928		0.7893746794561478		1.5478093310840122		0.7153655809888143		1.3331999162987305		0.6935152485447864		1.7946669428700743		0.9031659584842144		1.0208159663909817		0.7658123559750152		0.049772752466467396		0.21748114201168892	
3	9	17973.0		17036.0		1.5433253467237715		0.7957291333415355		1.5886401607677785		0.7465199025927267		1.3341232838331727		0.6957382707937283		1.7879488026824293		0.8943338789634561		1.029150670577606		0.7722292173037106		0.05213375618984024		0.22230289529444816	
3	10	17993.0		17106.0		1.5219138327638075		0.7943089817650532		1.5509303006423858		0.7283168065131191		1.3176190722179142		0.6892715286716201		1.7846016297518656		0.9117405624719032		1.0143274842097376		0.7754950093454185		0.049296948813427444		0.21649333596603362	
3		17960.699999999997	55.688961789209394	17075.0	50.37938894428938	1.5294835660924038	0.01026426407899248	0.7921655678415549	0.004680972901684557	1.556339731489176	0.013474710536260263	0.7246515854843064	0.010342841736018495	1.320537090672233	0.00959815142430719	0.6924423322689016	0.007879536350879412	1.796166756057433	0.016653380841475034	0.9011168091183025	0.012310178428051235	1.0186067788960864	0.009008162663359675	0.7695275692392567	0.004360098400381387	0.04931014504825038	0.0015870402645427018	0.21646555754919772	0.0033292830919511088
